Year,Make,Model,Price
0,PORSCHE,911,220000.00
1978,PORSCHE,911,35100.00
2016,PORSCHE,911,69900.00
2016,PORSCHE,911,89800.00
2016,PORSCHE,911,269800.00
1977,PORSCHE,911,34000.00
1977,PORSCHE,911,85000.00
2005,PORSCHE,911,35900.00
2005,PORSCHE,911,31500.00
1977,PORSCHE,911,48500.00
2006,PORSCHE,911,24900.00
2006,PORSCHE,911,148k+ MSRP! Excellent Cond 78800.00
2002,PORSCHE,911,5750.00
2003,PORSCHE,911,49000.00
2022,PORSCHE,911,469980.00
1973,PORSCHE,911,46000.00
2006,PORSCHE,911,34995.00
1986,PORSCHE,911,59999.00
1986,PORSCHE,911,4000.00
1986,PORSCHE,911,77900.00
2017,PORSCHE,911,47300.00
2022,PORSCHE,911,79888.00
1982,PORSCHE,911,239000.00
1991,PORSCHE,911,52000.00
2007,PORSCHE,911,40500.00
2004,PORSCHE,911,79997.00
1972,PORSCHE,911,16999.00
1972,PORSCHE,911,16000.00
2005,PORSCHE,911,41900.00
2003,PORSCHE,911,37900.00
1995,PORSCHE,911,34900.00
2022,PORSCHE,911,245000.00
1999,PORSCHE,911,128000.00
2012,PORSCHE,911,20000.00
1994,PORSCHE,911,20100.00
2008,PORSCHE,911,59990.00
2008,PORSCHE,911,159900.00
2018,PORSCHE,911,39000.00
1991,PORSCHE,911,1285900.00
1983,PORSCHE,911,189999.00
2013,PORSCHE,911,255000.00
2014,PORSCHE,911,50000.00
1995,PORSCHE,911,62500.00
2018,PORSCHE,911,67996.00
2018,PORSCHE,911,84995.00
2018,PORSCHE,911,148500.00
2001,PORSCHE,911,85900.00
2001,PORSCHE,911,197688.00
1984,PORSCHE,911,33999.00
2014,PORSCHE,911,99999.00
2024,PORSCHE,911,28900.00
2016,PORSCHE,911,130423.00
2016,PORSCHE,911,107500.00
2009,PORSCHE,911,129950.00
1983,PORSCHE,911,305000.00
1997,PORSCHE,911,185900.00
1979,PORSCHE,911,139900.00
1979,PORSCHE,911,28900.00
2008,PORSCHE,911,147500.00
2023,PORSCHE,911,39500.00
2013,PORSCHE,911,84900.00
2024,PORSCHE,911,3000.00
2024,PORSCHE,911,52500.00
1969,PORSCHE,911,469992.00
1997,PORSCHE,911,65000.00
1994,PORSCHE,911,529000.00
1995,PORSCHE,911,105800.00
2001,PORSCHE,911,69000.00
2017,PORSCHE,911,139999.00
2022,PORSCHE,911,58800.00
1991,PORSCHE,911,164900.00
1987,PORSCHE,911,25000.00
1987,PORSCHE,911,109800.00
2007,PORSCHE,911,257000.00
2009,PORSCHE,911,73900.00
2009,PORSCHE,911,250911.00
2009,PORSCHE,911,74995.00
2009,PORSCHE,911,39990.00
2017,PORSCHE,911,87995.00
2006,PORSCHE,911,63790.00
2015,PORSCHE,911,26995.00
2014,PORSCHE,911,245900.00
2014,PORSCHE,911,129900.00
2014,PORSCHE,911,41800.00
2014,PORSCHE,911,59000.00
2010,PORSCHE,911,133900.00
2005,PORSCHE,911,114800.00
1981,PORSCHE,911,153373.00
1969,PORSCHE,911,43800.00
1969,PORSCHE,911,22299.00
2015,PORSCHE,911,110991.00
1997,PORSCHE,911,121400.00
2018,PORSCHE,911,47500.00
2017,PORSCHE,911,74000.00
2015,PORSCHE,911,46982.20
1977,PORSCHE,911,234911.00
1977,PORSCHE,911,469900.00
2012,PORSCHE,911,112900.00
1984,PORSCHE,911,87999.00
1986,PORSCHE,911,62800.00
2014,PORSCHE,911,45400.00
2002,PORSCHE,911,174971.00
2021,PORSCHE,911,143995.00
2008,PORSCHE,911,75000.00
2024,PORSCHE,911,93995.00
1995,PORSCHE,911,60000.00
2017,PORSCHE,911,79900.00
1979,PORSCHE,911,45000.00
1979,PORSCHE,911,139999.00
1979,PORSCHE,911,20995.00
2022,PORSCHE,911,199900.00
1980,PORSCHE,911,69300.00
1997,PORSCHE,911,489998.00
2024,PORSCHE,911,76993.00
2024,PORSCHE,911,87299.00
2024,PORSCHE,911,209900.00
2007,PORSCHE,911,115100.00
2002,PORSCHE,911,409800.00
2023,PORSCHE,911,60100.00
2000,PORSCHE,911,55000.00
2000,PORSCHE,911,209950.00
2006,PORSCHE,911,299900.00
2000,PORSCHE,911,79582.20
2004,PORSCHE,911,397911.00
1997,PORSCHE,911,319800.00
1997,PORSCHE,911,129900.00
2014,PORSCHE,911,2025.00
2021,PORSCHE,911,33500.00
2021,PORSCHE,911,125100.00
1999,PORSCHE,911,15000.00
2017,PORSCHE,911,349980.00
2002,PORSCHE,911,64000.00
2007,PORSCHE,911,16999.00
2002,PORSCHE,911,48000.00
2017,PORSCHE,911,249993.00
1998,PORSCHE,911,129900.00
1998,PORSCHE,911,145991.00
1999,PORSCHE,911,187777.00
2017,PORSCHE,911,10100.00
2023,PORSCHE,911,42900.00
1986,PORSCHE,911,67425.00
1995,PORSCHE,911,24990.00
2009,PORSCHE,911,99500.00
2023,PORSCHE,911,25500.00
1999,PORSCHE,911,79500.00
1999,PORSCHE,911,105750.00
1976,PORSCHE,911,59900.00
2007,PORSCHE,911,67800.00
2001,PORSCHE,911,500.00
1992,PORSCHE,911,30700.00
2003,PORSCHE,911,129950.00
2008,PORSCHE,911,230888.00
2016,PORSCHE,911,132500.00
2003,PORSCHE,911,115993.00
1996,PORSCHE,911,53500.00
2010,PORSCHE,911,389000.00
2023,PORSCHE,911,22995.00
2022,PORSCHE,911,117596.50
2018,PORSCHE,911,84900.00
2020,PORSCHE,911,154999.00
2010,PORSCHE,911,11100.00
1996,PORSCHE,911,479964.00
2019,PORSCHE,911,55995.00
2018,PORSCHE,911,82500.00
2021,PORSCHE,911,201900.00
1984,PORSCHE,911,59800.00
1984,PORSCHE,911,249995.00
1995,PORSCHE,911,249997.00
1995,PORSCHE,911,514950.00
1995,PORSCHE,911,265800.00
2022,PORSCHE,911,205000.00
2003,PORSCHE,911,124888.00
1989,PORSCHE,911,67996.00
2023,PORSCHE,911,84995.00
1993,PORSCHE,911,44994.00
1993,PORSCHE,911,119925.00
2019,PORSCHE,911,129900.00
2008,PORSCHE,911,138000.00
2010,PORSCHE,911,44500.00
1985,PORSCHE,911,58500.00
1992,PORSCHE,911,30099.00
2023,PORSCHE,911,59971.00
1987,PORSCHE,911,189900.00
1987,PORSCHE,911,148k+ MSRP! Excellent Cond 58396.00
2013,PORSCHE,911,72995.00
1999,PORSCHE,911,68500.00
1999,PORSCHE,911,252995.00
2009,PORSCHE,911,17300.00
2020,PORSCHE,911,125000.00
2015,PORSCHE,911,599999.00
2009,PORSCHE,911,125000.00
1977,PORSCHE,911,59800.00
2019,PORSCHE,911,485000.00
2022,PORSCHE,911,40000.00
2019,PORSCHE,911,58000.00
1987,PORSCHE,911,209900.00
2012,PORSCHE,911,79900.00
2006,PORSCHE,911,6598.50
2014,PORSCHE,911,269964.00
1973,PORSCHE,911,217425.00
2015,PORSCHE,911,69900.00
2015,PORSCHE,911,78800.00
2006,PORSCHE,911,87000.00
2021,PORSCHE,911,10101.00
1988,PORSCHE,911,24000.00
2023,PORSCHE,911,239800.00
2023,PORSCHE,911,91000.00
2024,PORSCHE,911,138488.00
2022,PORSCHE,911,100000.00
2016,PORSCHE,911,135000.00
2017,PORSCHE,911,62396.00
2022,PORSCHE,911,77995.00
2022,PORSCHE,911,62000.00
2019,PORSCHE,911,179989.00
1976,PORSCHE,911,41959.80
1976,PORSCHE,911,184989.00
2015,PORSCHE,911,107800.00
2005,PORSCHE,911,539000.00
2016,PORSCHE,911,139999.00
1992,PORSCHE,911,63000.00
2007,PORSCHE,911,71998.00
2011,PORSCHE,911,48982.20
2011,PORSCHE,911,244911.00
2011,PORSCHE,911,22994.00
2011,PORSCHE,911,10000.00
2011,PORSCHE,911,35433.00
2013,PORSCHE,911,54000.00
2021,PORSCHE,911,139950.00
1991,PORSCHE,911,88500.00
2019,PORSCHE,911,157425.00
2016,PORSCHE,911,309995.00
2012,PORSCHE,911,483900.00
2023,PORSCHE,911,274900.00
1967,PORSCHE,911,157245.75
2016,PORSCHE,911,184995.00
2013,PORSCHE,911,98900.00
2003,PORSCHE,911,36800.00
2024,PORSCHE,911,309995.00
2021,PORSCHE,911,239496.00
2016,PORSCHE,911,119000.00
2011,PORSCHE,911,369999.00
2024,PORSCHE,911,229991.00
2023,PORSCHE,911,157425.00
2022,PORSCHE,911,259900.00
2023,PORSCHE,911,399953.00
2019,PORSCHE,911,253500.00
2004,PORSCHE,911,129979.00
2016,PORSCHE,911,172425.00
2008,PORSCHE,911,57995.00
1987,PORSCHE,911,107800.00
2016,PORSCHE,911,539000.00
2020,PORSCHE,911,128000.00
2021,PORSCHE,911,129999.00
2021,PORSCHE,911,138996.00
2016,PORSCHE,911,184888.00
2007,PORSCHE,911,157245.75
2007,PORSCHE,911,184995.00
2022,PORSCHE,911,57900.00
2002,PORSCHE,911,49999.00
2019,PORSCHE,911,285000.00
2016,PORSCHE,911,31500.00
2017,PORSCHE,911,169901.00
2023,PORSCHE,911,205900.00
2022,PORSCHE,911,157995.00
2022,PORSCHE,911,188220.00
2023,PORSCHE,911,258900.00
2007,PORSCHE,911,259900.00
2022,PORSCHE,911,227888.00
2024,PORSCHE,911,345997.00
2007,PORSCHE,911,269950.00
1997,PORSCHE,911,189995.00
2002,PORSCHE,911,129500.00
2023,PORSCHE,911,115000.00
2024,PORSCHE,911,29500.00
2012,PORSCHE,911,420.00
2023,PORSCHE,911,167991.00
2022,PORSCHE,911,169995.00
2023,PORSCHE,911,119800.00
2022,PORSCHE,911,289900.00
2003,PORSCHE,911,275000.00
1973,PORSCHE,911,246050.00
2008,PORSCHE,911,259001.00
2023,PORSCHE,911,269995.00
1986,PORSCHE,911,40000.00
2014,PORSCHE,911,59999.00
2002,PORSCHE,911,100000.00
2022,PORSCHE,911,63996.00
2009,PORSCHE,911,79995.00
2011,PORSCHE,911,202425.00
2019,PORSCHE,911,119900.00
2004,PORSCHE,911,123491.45
2013,PORSCHE,911,129992.00
2017,PORSCHE,911,21000.00
2005,PORSCHE,911,139992.00
2023,PORSCHE,911,78000.00
1972,PORSCHE,911,88500.00
1995,PORSCHE,911,92998.00
2006,PORSCHE,911,111888.00
2024,PORSCHE,911,39700.00
2021,PORSCHE,911,76999.00
2021,PORSCHE,911,86925.00
2021,PORSCHE,911,67777.00
2019,PORSCHE,911,279950.00
2004,PORSCHE,911,119900.00
2023,PORSCHE,911,65000.00
2006,PORSCHE,911,39900.00
2022,PORSCHE,911,249999.00
1988,PORSCHE,911,189888.00
1967,PORSCHE,911,249000.00
2020,PORSCHE,911,131996.00
1976,PORSCHE,911,164995.00
1971,PORSCHE,911,136900.00
2019,PORSCHE,911,79900.00
1997,PORSCHE,911,197888.00
2005,PORSCHE,911,43800.00
2021,PORSCHE,911,259K MSRP SportDesign Package 232991.00
2016,PORSCHE,911,84900.00
2008,PORSCHE,911,183995.00
2002,PORSCHE,911,154991.00
1999,PORSCHE,911,74900.00
2022,PORSCHE,911,112000.00
2021,PORSCHE,911,112900.00
2022,PORSCHE,911,89900.00
2001,PORSCHE,911,94900.00
2022,PORSCHE,911,235500.00
2023,PORSCHE,911,144900.00
2023,PORSCHE,911,31996.00
2019,PORSCHE,911,34899.00
1976,PORSCHE,911,199900.00
2018,PORSCHE,911,134900.00
2021,PORSCHE,911,209995.00
2022,PORSCHE,911,49990.00
2022,PORSCHE,911,265901.00
2024,PORSCHE,911,150000.00
2019,PORSCHE,911,149900.00
2023,PORSCHE,911,215500.00
2023,PORSCHE,911,116900.00
2005,PORSCHE,911,149900.00
2004,PORSCHE,911,146900.00
2022,PORSCHE,911,239995.00
2008,PORSCHE,911,260495.00
2022,PORSCHE,911,179900.00
2019,PORSCHE,911,225900.00
2016,PORSCHE,911,376900.00
2001,PORSCHE,911,216745.75
2002,PORSCHE,911,254995.00
2001,PORSCHE,911,229900.00
2001,PORSCHE,911,74900.00
1971,PORSCHE,911,89900.00
1981,PORSCHE,911,159888.00
2022,PORSCHE,911,64900.00
1977,PORSCHE,911,192500.00
1989,PORSCHE,911,171900.00
1999,PORSCHE,911,86995.00
2017,PORSCHE,911,44500.00
1990,PORSCHE,911,37996.00
2001,PORSCHE,911,132500.00
2013,PORSCHE,911,103K MSRP 69500.00
1972,PORSCHE,911,78500.00
1978,PORSCHE,911,59625.00
2009,PORSCHE,911,79500.00
1978,PORSCHE,911,65000.00
2011,PORSCHE,911,500.00
2007,PORSCHE,911,234980.00
2015,PORSCHE,911,289900.00
2014,PORSCHE,911,179900.00
1972,PORSCHE,911,38600.00
1988,PORSCHE,911,48500.00
1975,PORSCHE,911,22995.00
1974,PORSCHE,911,140900.00
2001,PORSCHE,911,27500.00
1968,PORSCHE,911,64995.00
2008,PORSCHE,911,49995.00
2019,PORSCHE,911,16500.00
2004,PORSCHE,911,42500.00
2018,PORSCHE,911,51979.00
2015,PORSCHE,911,49500.00
2015,PORSCHE,911,63991.00
2022,PORSCHE,911,76500.00
1999,PORSCHE,911,104900.00
2007,PORSCHE,911,129790.00
2001,PORSCHE,911,27500.00
2009,PORSCHE,911,39500.00
2021,PORSCHE,911,67500.00
2003,PORSCHE,911,29950.00
1987,PORSCHE,911,19950.00
1972,PORSCHE,911,36500.00
2017,PORSCHE,911,87900.00
2018,PORSCHE,911,244900.00
2016,PORSCHE,911,36000.00
2000,PORSCHE,911,109999.00
2006,PORSCHE,911,119900.00
1974,PORSCHE,911,152996.00
1993,PORSCHE,911,251996.00
2004,PORSCHE,911,27000.00
1971,PORSCHE,911,44900.00
2013,PORSCHE,911,58500.00
2018,PORSCHE,911,49995.00
2017,PORSCHE,911,125996.00
2022,PORSCHE,911,31900.00
1977,PORSCHE,911,56500.00
1997,PORSCHE,911,52500.00
2001,PORSCHE,911,75999.00
2023,PORSCHE,911,459900.00
1974,PORSCHE,911,219998.00
1973,PORSCHE,911,29000.00
2023,PORSCHE,911,54995.00
1972,PORSCHE,911,99998.00
2015,PORSCHE,911,149979.00
2012,PORSCHE,911,37800.00
1973,PORSCHE,911,110000.00
1995,PORSCHE,911,82900.00
1991,PORSCHE,911,392900.00
2020,PORSCHE,911,84900.00
2008,PORSCHE,911,264900.00
2007,PORSCHE,911,45000.00
2003,PORSCHE,911,78800.00
2014,PORSCHE,911,61900.00
1984,PORSCHE,911,535000.00
2017,PORSCHE,911,59950.00
1999,PORSCHE,911,36500.00
2017,PORSCHE,911,529900.00
2022,PORSCHE,911,59950.00
1986,PORSCHE,911,139900.00
2013,PORSCHE,911,129997.00
1976,PORSCHE,911,39000.00
1984,PORSCHE,911,63500.00
1977,PORSCHE,911,59900.00
2015,PORSCHE,911,131995.00
2023,PORSCHE,911,67995.00
1999,PORSCHE,911,68950.00
2016,PORSCHE,911,28900.00
2018,PORSCHE,911,74495.00
2012,PORSCHE,911,57500.00
1996,PORSCHE,911,108900.00
2001,PORSCHE,911,24000.00
2017,PORSCHE,911,97000.00
2002,PORSCHE,911,139999.00
2002,PORSCHE,911,57500.00
1998,PORSCHE,911,76900.00
2016,PORSCHE,911,46500.00
2002,PORSCHE,911,109995.00
2002,PORSCHE,911,59000.00
2016,PORSCHE,911,57991.00
2023,PORSCHE,911,179995.00
2000,PORSCHE,911,32900.00
1973,PORSCHE,911,89995.00
2017,PORSCHE,911,129380.00
2015,PORSCHE,911,82995.00
2022,PORSCHE,911,249899.00
2004,PORSCHE,911,26900.00
2020,PORSCHE,911,81900.00
2018,PORSCHE,911,30900.00
2006,PORSCHE,911,38900.00
1973,PORSCHE,911,130000.00
1965,PORSCHE,911,79999.00
1987,PORSCHE,911,39900.00
2020,PORSCHE,911,62900.00
1966,PORSCHE,911,215475.00
2020,PORSCHE,911,257795.00
2019,PORSCHE,911,24000.00
2007,PORSCHE,911,42500.00
1999,PORSCHE,911,139900.00
2008,PORSCHE,911,145000.00
2023,PORSCHE,911,272000.00
2004,PORSCHE,911,42900.00
1988,PORSCHE,911,129500.00
1976,PORSCHE,911,199900.00
2020,PORSCHE,911,35899.00
2008,PORSCHE,911,112900.00
2018,PORSCHE,911,69500.00
2024,PORSCHE,911,74995.00
2022,PORSCHE,911,117000.00
1974,PORSCHE,911,59500.00
