Year,Make,Model,Price
2003,PORSCHE,911,7600.00
1985,PORSCHE,911,35996.00
2005,PORSCHE,911,17025.00
1971,PORSCHE,911,25900.00
1967,PORSCHE,911,20000.00
2000,PORSCHE,911,49800.00
1987,PORSCHE,911,15200.00
2020,PORSCHE,911,10000.00
1911,PORSCHE,911,500.00
2022,PORSCHE,911,145900.00
2023,PORSCHE,911,4050.00
2022,PORSCHE,911,164900.00
2007,PORSCHE,911,514950.00
2019,PORSCHE,911,31600.00
1995,PORSCHE,911,75700.00
2017,PORSCHE,911,129900.00
2003,PORSCHE,911,179901.00
1985,PORSCHE,911,25100.00
2005,PORSCHE,911,63500.00
1971,PORSCHE,911,35996.00
2000,PORSCHE,911,17025.00
2020,PORSCHE,911,25900.00
1967,PORSCHE,911,20000.00
1987,PORSCHE,911,15200.00
1988,PORSCHE,911,145900.00
2017,PORSCHE,911,49800.00
1976,PORSCHE,911,10000.00
1999,PORSCHE,911,105911.00
2007,PORSCHE,911,145000.00
1999,PORSCHE,911,59500.00
2016,PORSCHE,911,16760.80
2008,PORSCHE,911,52500.00
2015,PORSCHE,911,19998.00
2007,PORSCHE,911,10100.00
2011,PORSCHE,911,103970.00
2008,PORSCHE,911,34000.00
2012,PORSCHE,911,59990.00
2007,PORSCHE,911,25100.00
2000,PORSCHE,911,41995.00
2005,PORSCHE,911,69995.00
1982,PORSCHE,911,54995.00
2012,PORSCHE,911,40000.00
2000,PORSCHE,911,3050.00
2001,PORSCHE,911,37900.00
2023,PORSCHE,911,67579.00
1996,PORSCHE,911,45500.00
1995,PORSCHE,911,5655.00
2015,PORSCHE,911,29991.00
2012,PORSCHE,911,16100.00
1997,PORSCHE,911,169888.00
2012,PORSCHE,911,69900.00
1999,PORSCHE,911,73500.00
1979,PORSCHE,911,69675.00
2019,PORSCHE,911,52500.00
2001,PORSCHE,911,115979.00
2016,PORSCHE,911,49995.00
2014,PORSCHE,911,15100.00
2019,PORSCHE,911,209900.00
2009,PORSCHE,911,22198.20
1989,PORSCHE,911,110991.00
1974,PORSCHE,911,13000.00
2007,PORSCHE,911,59900.00
2019,PORSCHE,911,67800.00
1996,PORSCHE,911,114800.00
2020,PORSCHE,911,21553.00
1991,PORSCHE,911,89995.00
2024,PORSCHE,911,49895.00
1994,PORSCHE,911,66995.00
2017,PORSCHE,911,43900.00
2016,PORSCHE,911,210000.00
1999,PORSCHE,911,88700.00
2012,PORSCHE,911,129369.00
2002,PORSCHE,911,73900.00
2007,PORSCHE,911,489000.00
2016,PORSCHE,911,58800.00
2022,PORSCHE,911,79500.00
2019,PORSCHE,911,95500.00
1980,PORSCHE,911,6124.00
1977,PORSCHE,911,28000.00
1997,PORSCHE,911,89999.00
2001,PORSCHE,911,21395.00
1984,PORSCHE,911,117900.00
2017,PORSCHE,911,1525.00
2022,PORSCHE,911,103971.00
2014,PORSCHE,911,259996.00
1984,PORSCHE,911,25100.00
2006,PORSCHE,911,239900.00
2023,PORSCHE,911,55000.00
1998,PORSCHE,911,67000.00
2019,PORSCHE,911,149900.00
2022,PORSCHE,911,28900.00
1984,PORSCHE,911,68500.00
2022,PORSCHE,911,28200.00
1971,PORSCHE,911,72000.00
1997,PORSCHE,911,243000.00
2019,PORSCHE,911,67462.50
2016,PORSCHE,911,89950.00
2014,PORSCHE,911,41800.00
1991,PORSCHE,911,225000.00
2018,PORSCHE,911,55000.00
2002,PORSCHE,911,127425.00
2022,PORSCHE,911,100100.00
2023,PORSCHE,911,270000.00
2018,PORSCHE,911,58500.00
2009,PORSCHE,911,249900.00
2004,PORSCHE,911,13600.00
2022,PORSCHE,911,59900.00
2013,PORSCHE,911,78750.00
2021,PORSCHE,911,175703.00
1969,PORSCHE,911,74950.00
2021,PORSCHE,911,16495.00
2024,PORSCHE,911,48011.00
2006,PORSCHE,911,265000.00
2021,PORSCHE,911,84995.00
1986,PORSCHE,911,25500.00
2017,PORSCHE,911,259995.00
2022,PORSCHE,911,100100.00
2005,PORSCHE,911,167900.00
2022,PORSCHE,911,50000.00
2017,PORSCHE,911,59800.00
2017,PORSCHE,911,349979.00
1990,PORSCHE,911,59800.00
2001,PORSCHE,911,20953.00
2023,PORSCHE,911,46982.20
2004,PORSCHE,911,234911.00
2024,PORSCHE,911,177777.00
2018,PORSCHE,911,349980.00
1973,PORSCHE,911,68000.00
2022,PORSCHE,911,199900.00
2017,PORSCHE,911,52500.00
1973,PORSCHE,911,72999.00
2015,PORSCHE,911,258000.00
2018,PORSCHE,911,65000.00
2021,PORSCHE,911,245995.00
2003,PORSCHE,911,63500.00
1999,PORSCHE,911,105800.00
2017,PORSCHE,911,44500.00
2003,PORSCHE,911,285900.00
2020,PORSCHE,911,112990.00
2018,PORSCHE,911,265900.00
2016,PORSCHE,911,129900.00
2019,PORSCHE,911,48982.20
2021,PORSCHE,911,244911.00
1976,PORSCHE,911,250705.00
2015,PORSCHE,911,263901.00
2012,PORSCHE,911,90000.00
2001,PORSCHE,911,625911.00
2004,PORSCHE,911,97995.00
2024,PORSCHE,911,123490.00
2001,PORSCHE,911,85600.00
2013,PORSCHE,911,20000.00
2012,PORSCHE,911,7198.50
2012,PORSCHE,911,27500.00
2021,PORSCHE,911,98900.00
2007,PORSCHE,911,69000.00
1990,PORSCHE,911,145900.00
2016,PORSCHE,911,184353.00
2004,PORSCHE,911,219979.00
2020,PORSCHE,911,495000.00
2016,PORSCHE,911,179900.00
2023,PORSCHE,911,89900.00
2010,PORSCHE,911,113500.00
2004,PORSCHE,911,61900.00
2003,PORSCHE,911,109995.00
2002,PORSCHE,911,32990.00
2015,PORSCHE,911,304999.00
2007,PORSCHE,911,2035.00
2022,PORSCHE,911,29990.00
2002,PORSCHE,911,73995.00
2014,PORSCHE,911,110900.00
2006,PORSCHE,911,129900.00
2006,PORSCHE,911,169950.00
2004,PORSCHE,911,118000.00
2023,PORSCHE,911,128900.00
2018,PORSCHE,911,157245.75
1987,PORSCHE,911,184995.00
2014,PORSCHE,911,46995.00
1991,PORSCHE,911,118000.00
2023,PORSCHE,911,123000.00
2001,PORSCHE,911,389000.00
1988,PORSCHE,911,64900.00
2004,PORSCHE,911,40000.00
2012,PORSCHE,911,20000.00
2017,PORSCHE,911,27500.00
2010,PORSCHE,911,43900.00
1973,PORSCHE,911,84900.00
2023,PORSCHE,911,55000.00
2010,PORSCHE,911,274900.00
1971,PORSCHE,911,26500.00
2020,PORSCHE,911,82997.00
2021,PORSCHE,911,45596.00
2021,PORSCHE,911,56995.00
2021,PORSCHE,911,24700.00
2010,PORSCHE,911,26900.00
1991,PORSCHE,911,275000.00
2022,PORSCHE,911,161457.50
2008,PORSCHE,911,189950.00
1987,PORSCHE,911,107800.00
2024,PORSCHE,911,539000.00
2018,PORSCHE,911,99995.00
2021,PORSCHE,911,110000.00
2005,PORSCHE,911,129950.00
2008,PORSCHE,911,33900.00
1999,PORSCHE,911,88500.00
2010,PORSCHE,911,1225.00
2022,PORSCHE,911,87995.00
2013,PORSCHE,911,158188.00
2008,PORSCHE,911,910.00
2016,PORSCHE,911,72900.00
2020,PORSCHE,911,100000.00
1988,PORSCHE,911,143995.00
2021,PORSCHE,911,94800.00
2004,PORSCHE,911,112000.00
2021,PORSCHE,911,102995.00
2002,PORSCHE,911,215000.00
2008,PORSCHE,911,119000.00
2023,PORSCHE,911,242000.00
2002,PORSCHE,911,249997.00
2023,PORSCHE,911,92500.00
1999,PORSCHE,911,131499.00
2016,PORSCHE,911,84500.00
1994,PORSCHE,911,289930.00
1986,PORSCHE,911,209991.00
2005,PORSCHE,911,91900.00
2016,PORSCHE,911,229979.00
2011,PORSCHE,911,39996.00
1984,PORSCHE,911,49995.00
1986,PORSCHE,911,209900.00
2002,PORSCHE,911,68000.00
2017,PORSCHE,911,71996.00
1997,PORSCHE,911,89995.00
2007,PORSCHE,911,249995.00
2012,PORSCHE,911,67700.00
2003,PORSCHE,911,63996.00
2007,PORSCHE,911,79995.00
2019,PORSCHE,911,105000.00
2010,PORSCHE,911,131499.00
2008,PORSCHE,911,89900.00
2016,PORSCHE,911,189777.00
2017,PORSCHE,911,1000.00
1992,PORSCHE,911,134900.00
2017,PORSCHE,911,30995.00
2022,PORSCHE,911,279900.00
2019,PORSCHE,911,31700.00
2016,PORSCHE,911,599999.00
2016,PORSCHE,911,24995.00
2007,PORSCHE,911,205900.00
2008,PORSCHE,911,1298900.00
2020,PORSCHE,911,135500.00
2017,PORSCHE,911,36999.00
2023,PORSCHE,911,139995.00
2015,PORSCHE,911,139900.00
2014,PORSCHE,911,79911.00
2010,PORSCHE,911,119900.00
2017,PORSCHE,911,43900.00
2018,PORSCHE,911,148690.00
2016,PORSCHE,911,115000.00
2017,PORSCHE,911,119911.00
2003,PORSCHE,911,139900.00
2021,PORSCHE,911,36800.00
2021,PORSCHE,911,134950.00
2024,PORSCHE,911,253500.00
1995,PORSCHE,911,105995.00
2004,PORSCHE,911,57995.00
1986,PORSCHE,911,154900.00
2003,PORSCHE,911,7600.00
1985,PORSCHE,911,35996.00
2005,PORSCHE,911,17025.00
1971,PORSCHE,911,25900.00
1967,PORSCHE,911,20000.00
2000,PORSCHE,911,49800.00
1987,PORSCHE,911,15200.00
2020,PORSCHE,911,10000.00
1911,PORSCHE,911,500.00
2022,PORSCHE,911,145900.00
2023,PORSCHE,911,4050.00
2022,PORSCHE,911,164900.00
2007,PORSCHE,911,514950.00
2019,PORSCHE,911,31600.00
1995,PORSCHE,911,75700.00
2017,PORSCHE,911,129900.00
2003,PORSCHE,911,179901.00
1985,PORSCHE,911,25100.00
2005,PORSCHE,911,63500.00
1971,PORSCHE,911,35996.00
2000,PORSCHE,911,17025.00
2020,PORSCHE,911,25900.00
1967,PORSCHE,911,20000.00
1987,PORSCHE,911,15200.00
1988,PORSCHE,911,145900.00
2017,PORSCHE,911,49800.00
1976,PORSCHE,911,10000.00
1999,PORSCHE,911,105911.00
2007,PORSCHE,911,145000.00
1999,PORSCHE,911,59500.00
2016,PORSCHE,911,16760.80
2008,PORSCHE,911,52500.00
2015,PORSCHE,911,19998.00
2007,PORSCHE,911,10100.00
2011,PORSCHE,911,103970.00
2008,PORSCHE,911,34000.00
2012,PORSCHE,911,59990.00
2007,PORSCHE,911,25100.00
2000,PORSCHE,911,41995.00
2005,PORSCHE,911,69995.00
1982,PORSCHE,911,54995.00
2012,PORSCHE,911,40000.00
2000,PORSCHE,911,3050.00
2001,PORSCHE,911,37900.00
2023,PORSCHE,911,67579.00
1996,PORSCHE,911,45500.00
1995,PORSCHE,911,5655.00
2015,PORSCHE,911,29991.00
2012,PORSCHE,911,16100.00
1997,PORSCHE,911,169888.00
2012,PORSCHE,911,69900.00
1999,PORSCHE,911,73500.00
1979,PORSCHE,911,69675.00
2019,PORSCHE,911,52500.00
2001,PORSCHE,911,115979.00
2016,PORSCHE,911,49995.00
2014,PORSCHE,911,15100.00
2019,PORSCHE,911,209900.00
2009,PORSCHE,911,22198.20
1989,PORSCHE,911,110991.00
1974,PORSCHE,911,13000.00
2007,PORSCHE,911,59900.00
2019,PORSCHE,911,67800.00
1996,PORSCHE,911,114800.00
2020,PORSCHE,911,21553.00
1991,PORSCHE,911,89995.00
2024,PORSCHE,911,49895.00
1994,PORSCHE,911,66995.00
2017,PORSCHE,911,43900.00
2016,PORSCHE,911,210000.00
1999,PORSCHE,911,88700.00
2012,PORSCHE,911,129369.00
2002,PORSCHE,911,73900.00
2007,PORSCHE,911,489000.00
2016,PORSCHE,911,58800.00
2022,PORSCHE,911,79500.00
2019,PORSCHE,911,95500.00
1980,PORSCHE,911,6124.00
1977,PORSCHE,911,28000.00
1997,PORSCHE,911,89999.00
2001,PORSCHE,911,21395.00
1984,PORSCHE,911,117900.00
2017,PORSCHE,911,1525.00
2022,PORSCHE,911,103971.00
2014,PORSCHE,911,259996.00
1984,PORSCHE,911,25100.00
2006,PORSCHE,911,239900.00
2023,PORSCHE,911,55000.00
1998,PORSCHE,911,67000.00
2019,PORSCHE,911,149900.00
2022,PORSCHE,911,28900.00
1984,PORSCHE,911,68500.00
2022,PORSCHE,911,28200.00
1971,PORSCHE,911,72000.00
1997,PORSCHE,911,243000.00
2019,PORSCHE,911,67462.50
2016,PORSCHE,911,89950.00
2014,PORSCHE,911,41800.00
1991,PORSCHE,911,225000.00
2018,PORSCHE,911,55000.00
2002,PORSCHE,911,127425.00
2022,PORSCHE,911,100100.00
2023,PORSCHE,911,270000.00
2018,PORSCHE,911,58500.00
2009,PORSCHE,911,249900.00
2004,PORSCHE,911,13600.00
2022,PORSCHE,911,59900.00
2013,PORSCHE,911,78750.00
2021,PORSCHE,911,175703.00
1969,PORSCHE,911,74950.00
2021,PORSCHE,911,16495.00
2024,PORSCHE,911,48011.00
2006,PORSCHE,911,265000.00
2021,PORSCHE,911,84995.00
1986,PORSCHE,911,25500.00
2017,PORSCHE,911,259995.00
2022,PORSCHE,911,100100.00
2005,PORSCHE,911,167900.00
2022,PORSCHE,911,50000.00
2017,PORSCHE,911,59800.00
2017,PORSCHE,911,349979.00
1990,PORSCHE,911,59800.00
2001,PORSCHE,911,20953.00
2023,PORSCHE,911,46982.20
2004,PORSCHE,911,234911.00
2024,PORSCHE,911,177777.00
2018,PORSCHE,911,349980.00
1973,PORSCHE,911,68000.00
2022,PORSCHE,911,199900.00
2017,PORSCHE,911,52500.00
1973,PORSCHE,911,72999.00
2015,PORSCHE,911,258000.00
2018,PORSCHE,911,65000.00
2021,PORSCHE,911,245995.00
2003,PORSCHE,911,63500.00
1999,PORSCHE,911,105800.00
2017,PORSCHE,911,44500.00
2003,PORSCHE,911,285900.00
2020,PORSCHE,911,112990.00
2018,PORSCHE,911,265900.00
2016,PORSCHE,911,129900.00
2019,PORSCHE,911,48982.20
2021,PORSCHE,911,244911.00
1976,PORSCHE,911,250705.00
2015,PORSCHE,911,263901.00
2012,PORSCHE,911,90000.00
2001,PORSCHE,911,625911.00
2004,PORSCHE,911,97995.00
2024,PORSCHE,911,123490.00
2001,PORSCHE,911,85600.00
2013,PORSCHE,911,20000.00
2012,PORSCHE,911,7198.50
2012,PORSCHE,911,27500.00
2021,PORSCHE,911,98900.00
2007,PORSCHE,911,69000.00
1990,PORSCHE,911,145900.00
2016,PORSCHE,911,184353.00
2004,PORSCHE,911,219979.00
2020,PORSCHE,911,495000.00
2016,PORSCHE,911,179900.00
2023,PORSCHE,911,89900.00
2010,PORSCHE,911,113500.00
2004,PORSCHE,911,61900.00
2003,PORSCHE,911,109995.00
2002,PORSCHE,911,32990.00
2015,PORSCHE,911,304999.00
2007,PORSCHE,911,2035.00
2022,PORSCHE,911,29990.00
2002,PORSCHE,911,73995.00
2014,PORSCHE,911,110900.00
2006,PORSCHE,911,129900.00
2006,PORSCHE,911,169950.00
2004,PORSCHE,911,118000.00
2023,PORSCHE,911,128900.00
2018,PORSCHE,911,157245.75
1987,PORSCHE,911,184995.00
2014,PORSCHE,911,46995.00
1991,PORSCHE,911,118000.00
2023,PORSCHE,911,123000.00
2001,PORSCHE,911,389000.00
1988,PORSCHE,911,64900.00
2004,PORSCHE,911,40000.00
2012,PORSCHE,911,20000.00
2017,PORSCHE,911,27500.00
2010,PORSCHE,911,43900.00
1973,PORSCHE,911,84900.00
2023,PORSCHE,911,55000.00
2010,PORSCHE,911,274900.00
1971,PORSCHE,911,26500.00
2020,PORSCHE,911,82997.00
2021,PORSCHE,911,45596.00
2021,PORSCHE,911,56995.00
2021,PORSCHE,911,24700.00
2010,PORSCHE,911,26900.00
1991,PORSCHE,911,275000.00
2022,PORSCHE,911,161457.50
2008,PORSCHE,911,189950.00
1987,PORSCHE,911,107800.00
2024,PORSCHE,911,539000.00
2018,PORSCHE,911,99995.00
2021,PORSCHE,911,110000.00
2005,PORSCHE,911,129950.00
2008,PORSCHE,911,33900.00
1999,PORSCHE,911,88500.00
2010,PORSCHE,911,1225.00
2022,PORSCHE,911,87995.00
2013,PORSCHE,911,158188.00
2008,PORSCHE,911,910.00
2016,PORSCHE,911,72900.00
2020,PORSCHE,911,100000.00
1988,PORSCHE,911,143995.00
2021,PORSCHE,911,94800.00
2004,PORSCHE,911,112000.00
2021,PORSCHE,911,102995.00
2002,PORSCHE,911,215000.00
2008,PORSCHE,911,119000.00
2023,PORSCHE,911,242000.00
2002,PORSCHE,911,249997.00
2023,PORSCHE,911,92500.00
1999,PORSCHE,911,131499.00
2016,PORSCHE,911,84500.00
1994,PORSCHE,911,289930.00
1986,PORSCHE,911,209991.00
2005,PORSCHE,911,91900.00
2016,PORSCHE,911,229979.00
2011,PORSCHE,911,39996.00
1984,PORSCHE,911,49995.00
1986,PORSCHE,911,209900.00
2002,PORSCHE,911,68000.00
2017,PORSCHE,911,71996.00
1997,PORSCHE,911,89995.00
2007,PORSCHE,911,249995.00
2012,PORSCHE,911,67700.00
2003,PORSCHE,911,63996.00
2007,PORSCHE,911,79995.00
2019,PORSCHE,911,105000.00
2010,PORSCHE,911,131499.00
2008,PORSCHE,911,89900.00
2016,PORSCHE,911,189777.00
2017,PORSCHE,911,1000.00
1992,PORSCHE,911,134900.00
2017,PORSCHE,911,30995.00
2022,PORSCHE,911,279900.00
2019,PORSCHE,911,31700.00
2016,PORSCHE,911,599999.00
2016,PORSCHE,911,24995.00
2007,PORSCHE,911,205900.00
2008,PORSCHE,911,1298900.00
2020,PORSCHE,911,135500.00
2017,PORSCHE,911,36999.00
2023,PORSCHE,911,139995.00
2015,PORSCHE,911,139900.00
2014,PORSCHE,911,79911.00
2010,PORSCHE,911,119900.00
2017,PORSCHE,911,43900.00
2018,PORSCHE,911,148690.00
2016,PORSCHE,911,115000.00
2017,PORSCHE,911,119911.00
2003,PORSCHE,911,139900.00
2021,PORSCHE,911,36800.00
2021,PORSCHE,911,134950.00
2024,PORSCHE,911,253500.00
1995,PORSCHE,911,105995.00
2004,PORSCHE,911,57995.00
1986,PORSCHE,911,154900.00
2003,PORSCHE,911,7600.00
1985,PORSCHE,911,35996.00
2005,PORSCHE,911,17025.00
1971,PORSCHE,911,25900.00
1967,PORSCHE,911,20000.00
2000,PORSCHE,911,49800.00
1987,PORSCHE,911,15200.00
2020,PORSCHE,911,10000.00
1911,PORSCHE,911,500.00
2022,PORSCHE,911,145900.00
2023,PORSCHE,911,4050.00
2022,PORSCHE,911,164900.00
2007,PORSCHE,911,514950.00
2019,PORSCHE,911,31600.00
1995,PORSCHE,911,75700.00
2017,PORSCHE,911,129900.00
2003,PORSCHE,911,179901.00
1985,PORSCHE,911,25100.00
2005,PORSCHE,911,63500.00
1971,PORSCHE,911,35996.00
2000,PORSCHE,911,17025.00
2020,PORSCHE,911,25900.00
1967,PORSCHE,911,20000.00
1987,PORSCHE,911,15200.00
1988,PORSCHE,911,145900.00
2017,PORSCHE,911,49800.00
1976,PORSCHE,911,10000.00
1999,PORSCHE,911,105911.00
2007,PORSCHE,911,145000.00
1999,PORSCHE,911,59500.00
2016,PORSCHE,911,16760.80
2008,PORSCHE,911,52500.00
2015,PORSCHE,911,19998.00
2007,PORSCHE,911,10100.00
2011,PORSCHE,911,103970.00
2008,PORSCHE,911,34000.00
2012,PORSCHE,911,59990.00
2007,PORSCHE,911,25100.00
2000,PORSCHE,911,41995.00
2005,PORSCHE,911,69995.00
1982,PORSCHE,911,54995.00
2012,PORSCHE,911,40000.00
2000,PORSCHE,911,3050.00
2001,PORSCHE,911,37900.00
2023,PORSCHE,911,67579.00
1996,PORSCHE,911,45500.00
1995,PORSCHE,911,5655.00
2015,PORSCHE,911,29991.00
2012,PORSCHE,911,16100.00
1997,PORSCHE,911,169888.00
2012,PORSCHE,911,69900.00
1999,PORSCHE,911,73500.00
1979,PORSCHE,911,69675.00
2019,PORSCHE,911,52500.00
2001,PORSCHE,911,115979.00
2016,PORSCHE,911,49995.00
2014,PORSCHE,911,15100.00
2019,PORSCHE,911,209900.00
2009,PORSCHE,911,22198.20
1989,PORSCHE,911,110991.00
1974,PORSCHE,911,13000.00
2007,PORSCHE,911,59900.00
2019,PORSCHE,911,67800.00
1996,PORSCHE,911,114800.00
2020,PORSCHE,911,21553.00
1991,PORSCHE,911,89995.00
2024,PORSCHE,911,49895.00
1994,PORSCHE,911,66995.00
2017,PORSCHE,911,43900.00
2016,PORSCHE,911,210000.00
1999,PORSCHE,911,88700.00
2012,PORSCHE,911,129369.00
2002,PORSCHE,911,73900.00
2007,PORSCHE,911,489000.00
2016,PORSCHE,911,58800.00
2022,PORSCHE,911,79500.00
2019,PORSCHE,911,95500.00
1980,PORSCHE,911,6124.00
1977,PORSCHE,911,28000.00
1997,PORSCHE,911,89999.00
2001,PORSCHE,911,21395.00
1984,PORSCHE,911,117900.00
2017,PORSCHE,911,1525.00
2022,PORSCHE,911,103971.00
2014,PORSCHE,911,259996.00
1984,PORSCHE,911,25100.00
2006,PORSCHE,911,239900.00
2023,PORSCHE,911,55000.00
1998,PORSCHE,911,67000.00
2019,PORSCHE,911,149900.00
2022,PORSCHE,911,28900.00
1984,PORSCHE,911,68500.00
2022,PORSCHE,911,28200.00
1971,PORSCHE,911,72000.00
1997,PORSCHE,911,243000.00
2019,PORSCHE,911,67462.50
2016,PORSCHE,911,89950.00
2014,PORSCHE,911,41800.00
1991,PORSCHE,911,225000.00
2018,PORSCHE,911,55000.00
2002,PORSCHE,911,127425.00
2022,PORSCHE,911,100100.00
2023,PORSCHE,911,270000.00
2018,PORSCHE,911,58500.00
2009,PORSCHE,911,249900.00
2004,PORSCHE,911,13600.00
2022,PORSCHE,911,59900.00
2013,PORSCHE,911,78750.00
2021,PORSCHE,911,175703.00
1969,PORSCHE,911,74950.00
2021,PORSCHE,911,16495.00
2024,PORSCHE,911,48011.00
2006,PORSCHE,911,265000.00
2021,PORSCHE,911,84995.00
1986,PORSCHE,911,25500.00
2017,PORSCHE,911,259995.00
2022,PORSCHE,911,100100.00
2005,PORSCHE,911,167900.00
2022,PORSCHE,911,50000.00
2017,PORSCHE,911,59800.00
2017,PORSCHE,911,349979.00
1990,PORSCHE,911,59800.00
2001,PORSCHE,911,20953.00
2023,PORSCHE,911,46982.20
2004,PORSCHE,911,234911.00
2024,PORSCHE,911,177777.00
2018,PORSCHE,911,349980.00
1973,PORSCHE,911,68000.00
2022,PORSCHE,911,199900.00
2017,PORSCHE,911,52500.00
1973,PORSCHE,911,72999.00
2015,PORSCHE,911,258000.00
2018,PORSCHE,911,65000.00
2021,PORSCHE,911,245995.00
2003,PORSCHE,911,63500.00
1999,PORSCHE,911,105800.00
2017,PORSCHE,911,44500.00
2003,PORSCHE,911,285900.00
2020,PORSCHE,911,112990.00
2018,PORSCHE,911,265900.00
2016,PORSCHE,911,129900.00
2019,PORSCHE,911,48982.20
2021,PORSCHE,911,244911.00
1976,PORSCHE,911,250705.00
2015,PORSCHE,911,263901.00
2012,PORSCHE,911,90000.00
2001,PORSCHE,911,625911.00
2004,PORSCHE,911,97995.00
2024,PORSCHE,911,123490.00
2001,PORSCHE,911,85600.00
2013,PORSCHE,911,20000.00
2012,PORSCHE,911,7198.50
2012,PORSCHE,911,27500.00
2021,PORSCHE,911,98900.00
2007,PORSCHE,911,69000.00
1990,PORSCHE,911,145900.00
2016,PORSCHE,911,184353.00
2004,PORSCHE,911,219979.00
2020,PORSCHE,911,495000.00
2016,PORSCHE,911,179900.00
2023,PORSCHE,911,89900.00
2010,PORSCHE,911,113500.00
2004,PORSCHE,911,61900.00
2003,PORSCHE,911,109995.00
2002,PORSCHE,911,32990.00
2015,PORSCHE,911,304999.00
2007,PORSCHE,911,2035.00
2022,PORSCHE,911,29990.00
2002,PORSCHE,911,73995.00
2014,PORSCHE,911,110900.00
2006,PORSCHE,911,129900.00
2006,PORSCHE,911,169950.00
2004,PORSCHE,911,118000.00
2023,PORSCHE,911,128900.00
2018,PORSCHE,911,157245.75
1987,PORSCHE,911,184995.00
2014,PORSCHE,911,46995.00
1991,PORSCHE,911,118000.00
2023,PORSCHE,911,123000.00
2001,PORSCHE,911,389000.00
1988,PORSCHE,911,64900.00
2004,PORSCHE,911,40000.00
2012,PORSCHE,911,20000.00
2017,PORSCHE,911,27500.00
2010,PORSCHE,911,43900.00
1973,PORSCHE,911,84900.00
2023,PORSCHE,911,55000.00
2010,PORSCHE,911,274900.00
1971,PORSCHE,911,26500.00
2020,PORSCHE,911,82997.00
2021,PORSCHE,911,45596.00
2021,PORSCHE,911,56995.00
2021,PORSCHE,911,24700.00
2010,PORSCHE,911,26900.00
1991,PORSCHE,911,275000.00
2022,PORSCHE,911,161457.50
2008,PORSCHE,911,189950.00
1987,PORSCHE,911,107800.00
2024,PORSCHE,911,539000.00
2018,PORSCHE,911,99995.00
2021,PORSCHE,911,110000.00
2005,PORSCHE,911,129950.00
2008,PORSCHE,911,33900.00
1999,PORSCHE,911,88500.00
2010,PORSCHE,911,1225.00
2022,PORSCHE,911,87995.00
2013,PORSCHE,911,158188.00
2008,PORSCHE,911,910.00
2016,PORSCHE,911,72900.00
2020,PORSCHE,911,100000.00
1988,PORSCHE,911,143995.00
2021,PORSCHE,911,94800.00
2004,PORSCHE,911,112000.00
2021,PORSCHE,911,102995.00
2002,PORSCHE,911,215000.00
2008,PORSCHE,911,119000.00
2023,PORSCHE,911,242000.00
2002,PORSCHE,911,249997.00
2023,PORSCHE,911,92500.00
1999,PORSCHE,911,131499.00
2016,PORSCHE,911,84500.00
1994,PORSCHE,911,289930.00
1986,PORSCHE,911,209991.00
2005,PORSCHE,911,91900.00
2016,PORSCHE,911,229979.00
2011,PORSCHE,911,39996.00
1984,PORSCHE,911,49995.00
1986,PORSCHE,911,209900.00
2002,PORSCHE,911,68000.00
2017,PORSCHE,911,71996.00
1997,PORSCHE,911,89995.00
2007,PORSCHE,911,249995.00
2012,PORSCHE,911,67700.00
2003,PORSCHE,911,63996.00
2007,PORSCHE,911,79995.00
2019,PORSCHE,911,105000.00
2010,PORSCHE,911,131499.00
2008,PORSCHE,911,89900.00
2016,PORSCHE,911,189777.00
2017,PORSCHE,911,1000.00
1992,PORSCHE,911,134900.00
2017,PORSCHE,911,30995.00
2022,PORSCHE,911,279900.00
2019,PORSCHE,911,31700.00
2016,PORSCHE,911,599999.00
2016,PORSCHE,911,24995.00
2007,PORSCHE,911,205900.00
2008,PORSCHE,911,1298900.00
2020,PORSCHE,911,135500.00
2017,PORSCHE,911,36999.00
2023,PORSCHE,911,139995.00
2015,PORSCHE,911,139900.00
2014,PORSCHE,911,79911.00
2010,PORSCHE,911,119900.00
2017,PORSCHE,911,43900.00
2018,PORSCHE,911,148690.00
2016,PORSCHE,911,115000.00
2017,PORSCHE,911,119911.00
2003,PORSCHE,911,139900.00
2021,PORSCHE,911,36800.00
2021,PORSCHE,911,134950.00
2024,PORSCHE,911,253500.00
1995,PORSCHE,911,105995.00
2004,PORSCHE,911,57995.00
1986,PORSCHE,911,154900.00
